0 0.10819503464961563 0.3448963778157059 0.47374719055317127 0.34858932120104624 0.47374719055317127 0.25035702715099317 0.10609416019039979 0.23927819699497216
0 0.5388742987888623 0.35080508723225035 0.6974903204596582 0.3537594419405227 0.7006416321484817 0.25552714789046965 0.5399247360184702 0.25257279318219744
0 0.11239678356804729 0.39807476256460683 0.47374719055317127 0.40250629462701526 0.4726967533235634 0.35819097400293115 0.11029590910883146 0.3530208532634546
0 0.5388742987888623 0.4010291172728791 0.6922381343116184 0.40398347198115125 0.6943390087708342 0.35892956267999926 0.5399247360184702 0.35819097400293115
0 0.11344722079765521 0.4032448833040833 0.4747976277827792 0.40767641536649163 0.47164631609395546 0.4785809283650263 0.11554809525687106 0.4785809283650263
0 0.5378238615592544 0.40841500404355974 0.6880363853931868 0.411369358751832 0.6869859481635788 0.4785809283650263 0.5367734243296465 0.476365162333822
0 0.11869940694569482 0.4859668151357069 0.4695454416347397 0.4859668151357069 0.4695454416347397 0.5664729809361262 0.11869940694569477 0.5723816903526707
0 0.5367734243296465 0.48375104910450273 0.6848850737043631 0.4844896377815707 0.6838346364747551 0.5642572149049222 0.5357229871000385 0.5649958035819901
0 0.116598532486479 0.5797675771233514 0.4705958788643476 0.5738588677068068 0.4663941299459159 0.673568339110996 0.12080028140491063 0.6816928145587445
0 0.5367734243296465 0.5716431016756026 0.7048433810669132 0.5694273356443983 0.7016920693780897 0.6661824523403154 0.5367734243296465 0.6683982183715195
