0 0.17387979106604806 0.2899712129061887 0.3923810770022848 0.3060243686076265 0.39327291898569805 0.25452049406551347 0.1774471589997009 0.235791812413836
0 0.17120426511580836 0.39364784347797466 0.3870300251018055 0.4050188287664929 0.3905973930354584 0.31739535389614487 0.1774471589997009 0.30334884265738676
0 0.15874787304755164 0.5127087482636382 0.38170836890085447 0.5173909186765575 0.3861675788179205 0.41705869554257124 0.1667744508982705 0.4056877102540528
0 0.151613137180246 0.6210675492483435 0.37903284295061496 0.6170542603229839 0.38260021088426766 0.529430785452636 0.15874787304755167 0.5247486150397166
0 0.15072129519683275 0.6337762975119816 0.37635731700037534 0.6324385345368618 0.36654705518282993 0.7468172689096062 0.14358655932952707 0.7535060837852052
0 0.5199438763299025 0.3256225961931317 0.7043767984997547 0.3337160621926067 0.7036487747716937 0.27642090648010154 0.5206548294772019 0.26485862559654627
0 0.5201010657729014 0.39995179836843237 0.7053601959389312 0.4052377246367566 0.7053601959389312 0.34105147709281963 0.5201010657729014 0.33312258769033337
0 0.5185908011248088 0.49774143433243034 0.707373882136388 0.5003843974665925 0.7063670390376595 0.41278904787721976 0.5195976442235372 0.4075031216088955
0 0.5170805364767161 0.6095010182912853 0.7078773036857523 0.6076131874811695 0.707373882136388 0.5090684191931252 0.5190942226741729 0.5052927575728936
0 0.5175839580260804 0.6174299076937717 0.7093875683338448 0.6159196430456789 0.7078773036857523 0.730699756300719 0.5155702718286236 0.7367408148930897
