0 0.12543865112306155 0.4794540140401882 0.5565439003850777 0.48486085245066496 0.5551020768089505 0.34860852450664986 0.11822953324242583 0.3486085245066498
0 0.6661224921707407 0.3432016860961731 0.6646806685946135 0.4826981170864743 0.8737450871330494 0.4859422201327604 0.8823960285898125 0.34536442146036384
0 0.12832229827531585 0.49459316158952327 0.5579857239612048 0.4967558969537139 0.5551020768089505 0.5562311194689585 0.129764121851443 0.5583938548331493
0 0.12255500397080726 0.5692075316541029 0.5565439003850775 0.5702888993361983 0.5579857239612048 0.6654492553605897 0.12111318039468014 0.6665306230426853
0 0.12832229827531585 0.6773442998636388 0.5579857239612048 0.6773442998636388 0.5565439003850777 0.7843997003910792 0.13120594542757014 0.7833183327089839
0 0.6646806685946135 0.4967558969537139 0.8665359692524137 0.4967558969537139 0.8665359692524137 0.5573124871510541 0.6632388450184864 0.5562311194689586
0 0.6661224921707407 0.5681261639720077 0.8622104985240323 0.5681261639720077 0.8636523221001595 0.660042416950113 0.6646806685946135 0.660042416950113
0 0.6646806685946135 0.6741001968173527 0.8622104985240323 0.6741001968173527 0.8593268513717781 0.781155597344793 0.6632388450184864 0.7843997003910793
0 0.10669494463340869 0.7988656111302632 0.5565439003850777 0.7977842434481679 0.5551020768089505 0.9502570866236134 0.10957859178566295 0.9578266603982809
0 0.6640404599293309 0.7944507711719565 0.8828596653220306 0.7920134285376318 0.8796098751429311 0.939066434141884 0.6629571965362977 0.9406913292314338
