0 0.23470706849051934 0.3030903383630928 0.7384245462509414 0.31283970890039126 0.7348136682741644 0.3940844633778787 0.23470706849051937 0.39002222565400435
0 0.23470706849051934 0.3948969109226536 0.7348136682741644 0.39814670110175304 0.7348136682741644 0.44039397343004666 0.4946203260567319 0.440040393187288 0.23651250747890798 0.43876907834049705
0 0.23470706849051937 0.44364376360914615 0.736619107262553 0.4452686586986958 0.736619107262553 0.5078271196463612 0.2383179464672965 0.5118893573702356
0 0.23651250747890795 0.5167640426388849 0.7348136682741644 0.5118893573702357 0.7330082292857757 0.5817598462208748 0.24012338545568518 0.5906967692133985
0 0.23470706849051934 0.5955714544820476 0.7330082292857757 0.587446979034299 0.736619107262553 0.6719415236908859 0.2383179464672966 0.684128236862509
0 0.8268910566819835 0.314464603989941 0.9695207367646836 0.31608949907949074 0.973131614741461 0.39327201583310384 0.8268910566819835 0.39083467319877924
0 0.8268910566819835 0.4005840437360778 0.9713261757530722 0.4013964912808526 0.9695207367646836 0.4412064209748215 0.8268910566819835 0.4403939734300465
0 0.8286964956703722 0.444456211153921 0.973131614741461 0.4460811062434706 0.973131614741461 0.5078271196463612 0.8268910566819835 0.5078271196463612
0 0.8413345685890923 0.5143267000045602 0.9677152977762951 0.5127018049150105 0.9677152977762951 0.5776976084970005 0.8250856176935949 0.580134951131325 0.8250856176935949 0.5663233428701522 0.8395291296007038 0.5655108953253772
0 0.8250856176935949 0.586634531489524 0.9893805656369586 0.5825722937656496 0.9875751266485701 0.6662543908774616 0.8232801787052062 0.6711290761461111
