0 0.5581741149060143 0.19419725827335402 0.8330337539202839 0.2017915644628148 0.8369393971034351 0.0 0.5591505257018021 0.0
0 0.5586623203039082 0.214810375073319 0.8315691377266021 0.2191499786101537 0.8301045215329204 0.3439135802941521 0.5571977041102265 0.33957397675731743
0 0.8906419908717648 0.19962176269439744 0.9902358920421217 0.19962176269439744 0.9892594812463338 0.0 0.8940594286570221 0.0
0 0.8896655800759771 0.2191499786101537 0.9892594812463341 0.22023487949436238 0.9887712758484404 0.34716828294677815 0.8872245530865075 0.34608338206256944
0 0.5576859095081204 0.35693239090465634 0.8276634945434509 0.3623568953256997 0.826687083747663 0.5240071270727934 0.5567094987123326 0.5109883164622891
0 0.8872245530865075 0.36127199444149105 0.9853538380631827 0.36452669709411706 0.9853538380631827 0.5272618297254194 0.8847835260970379 0.521837325304376
0 0.5571977041102265 0.528346730609628 0.8257106729518753 0.5413655412201321 0.8227814405645116 0.7214590879987735 0.5552448825186509 0.6986761694303909
0 0.89503583945281 0.543256727748145 0.9819364002779253 0.5465114304007711 0.9785189624926681 0.7222653736425777 0.8921066070654465 0.7200955718741601
0 0.5552448825186509 0.7179257701057428 0.8222932351666179 0.7407086886741251 0.8188757973813605 0.9609435681684877 0.5547566771207569 0.9381606496001053
0 0.8808778829138866 0.7417935895583337 0.9790071678905617 0.7472180939793772 0.9755897301053048 0.9728774778947831 0.8784368559244173 0.9641982708211136
