0 0.22649846808742752 0.41908085136694756 0.5930455232702575 0.4170742069042679 0.5939373652536706 0.30938428740712254 0.220255574203535 0.31139093186980227
0 0.6572581460760086 0.4164053254167079 0.8231407549908663 0.4157364439291481 0.8275999649079321 0.3073776429444428 0.6581499880594219 0.3080465244320027
0 0.22739031007084068 0.4766046592970997 0.5948292072370839 0.47392913334686004 0.5957210492204971 0.42710742921766653 0.22382294213718787 0.4284451921927863
0 0.6554744621091824 0.47259137037174026 0.8258162809411058 0.47326025185930015 0.8275999649079321 0.42443190326742686 0.6563663040925953 0.42443190326742686
0 0.22649846808742752 0.562221489704768 0.5921536812868442 0.5575393192918487 0.5930455232702574 0.4832934741726988 0.22382294213718787 0.48596900012293853
0 0.6563663040925953 0.556201556316729 0.8213570710240397 0.5555326748291689 0.8249244389576927 0.4812868297100191 0.6554744621091824 0.4826245926851389
0 0.2309576780044935 0.6625537128387545 0.5930455232702574 0.6565337794507152 0.5930455232702574 0.5675725416052473 0.22649846808742746 0.5729235935057265
0 0.6554744621091824 0.6545271349880355 0.8151141771401471 0.6525204905253557 0.8168978611069736 0.5662347786301275 0.6563663040925953 0.5669036601176874
0 0.2256066261040143 0.671918053664593 0.5939373652536707 0.6658981202765539 0.5903699973200178 0.775594684236379 0.2309576780044936 0.7836212620870978
0 0.6563663040925953 0.6652292387889941 0.8338428587918245 0.6638914758138743 0.831167332841585 0.7702436323358995 0.6554744621091824 0.7722502767985795
