0 0.033613991347453395 0.3397262570762294 0.5147142425078801 0.35228226458638656 0.5147142425078801 0.24297114038031253 0.025210493510590046 0.20678029520397714
0 0.04201748918431675 0.40767641536649163 0.5136638052782723 0.40989218139769584 0.5136638052782723 0.3581909740029311 0.03781574026588507 0.34637355516984203
0 0.0504209870211801 0.5140331848642935 0.5115629308190565 0.49778423396879595 0.5136638052782723 0.41580089081424043 0.04306792641392466 0.4150623021371723
0 0.06197579654686721 0.6270372524557076 0.5084116191302327 0.5938007619876446 0.5084116191302327 0.5051701207394765 0.05357229871000385 0.5206804829579059
0 0.06407667100608304 0.6336845505493203 0.5084116191302327 0.6019252374353935 0.5105124935894485 0.7090205956102633 0.0672279826949068 0.7592446256508919
0 0.5892952858100424 0.35597520797172694 0.6995911949188739 0.3567137966487949 0.7048433810669136 0.2584815025987419 0.5903457230396505 0.2496184384739251
0 0.5871944113508265 0.40915359272062773 0.6974903204596579 0.4098921813976958 0.7016920693780897 0.3626225060653395 0.5882448485804345 0.36188391738827136
0 0.5850935368916107 0.4948298792605236 0.6922381343116186 0.49261411322931936 0.6943390087708345 0.4158008908142403 0.5861439741212187 0.4165394794913084
0 0.5850935368916107 0.5022157660312043 0.6901372598524026 0.4992614113229321 0.6859355109339709 0.5812447544774876 0.5976987836469058 0.5878920525711002 0.5987492208765136 0.5347136678221993 0.5850935368916107 0.5339750791451312
0 0.5987492208765136 0.5938007619876448 0.7016920693780899 0.5878920525711001 0.7006416321484817 0.6831699919128809 0.5819422252027869 0.6964645881001061 0.5829926624323949 0.6107883015602102 0.5987492208765134 0.6100497128831424
