0 0.0 0.16844121438107154 0.32643646197882087 0.18900671148573725 0.331659445370482 0.01664825956091986 0.16452397683732567 0.0 0.0 0.0
0 0.7730015419658478 0.2115308273622759 1.000201319503107 0.22719977753725928 1.0 0.07344820394523469 0.7938934755324922 0.0548413256124419
0 0.002611491695830566 0.18411016455605494 0.32643646197882087 0.20565497104665714 0.32251922443507497 0.3310065724465243 0.010445966783322262 0.32219278797309614
0 0.7547211000950338 0.34863414139338067 1.0 0.3584272352527453 1.0 0.23993079955443325 0.7716957961179325 0.22622046815132285
0 0.005222983391661131 0.33786173814807957 0.32643646197882087 0.35059276016525354 0.31990773273924444 0.4906340023541677 0.009140220935406984 0.4876960741963583
0 0.737746404072135 0.4994477868275959 0.9832266234802084 0.5043443337572782 1.0 0.3701789478839828 0.7534153542471187 0.3613651634105547
0 0.013057458479152828 0.5043443337572782 0.3238249702829903 0.508261571301024 0.3186019868913291 0.6600545261211758 0.019586187718729248 0.6620131448930487
0 0.7338291665283891 0.5093659976458322 0.9793093859364626 0.513283235189578 0.9518887231302415 0.6513658586066192 0.7168544705054904 0.6523451679925556
0 0.020891933566644528 0.6758485932550309 0.31990773273924444 0.6719313557112849 0.3146847493475833 0.8207863823736272 0.028726408654136237 0.8325380950048649
0 0.7155487246575752 0.6650761900097296 0.9466657397385805 0.6631175712378569 0.9205508227802749 0.7982622664970888 0.6985740286346765 0.8051174321986438
0 0.028726408654136226 0.8423311888642294 0.3146847493475833 0.8305794762329917 0.3094617659559221 1.0 0.04047812128537378 1.0
0 0.6985740286346765 0.8149105260580085 0.9349140271073431 0.8070760509705168 0.9048818726052912 0.9647448621062873 0.6802935867638626 0.9794345028953341
